863
755 380
376 295
766 509
367 522
12 6
394 631
29 61
596 298
227 135
125 334
2 57
333 183
151 612
30 233
284 745
104 244
355 437
41 235
491 344
216 778
731 523
127 99
35 617
34 103
386 141
154 93
75 29
44 532
33 243
423 226
76 394
73 492
583 776
50 148
77 780
564 676
312 380
201 257
147 70
435 245
79 188
856 422
35 254
133 160
342 166
815 279
124 783
54 221
410 234
38 747
180 3
99 229
391 694
671 81
73 117
794 710
217 56
675 611
635 411
174 95
650 29
52 361
663 650
37 41
545 232
593 472
521 76
770 670
55 139
327 65
607 22
101 93
10 561
512 523
509 641
126 198
21 23
137 7
213 574
10 196
38 48
572 293
113 47
32 164
598 420
5 21
279 153
314 400
194 152
9 94
100 849
315 178
685 623
417 131
263 785
203 459
25 69
412 257
842 350
261 193
103 181
411 30
259 536
37 19
54 9
179 743
119 102
83 53
633 625
696 250
626 618
371 343
495 451
687 592
135 477
750 254
306 559
816 533
37 418
207 12
143 223
413 485
273 544
621 522
18 171
469 427
115 18
33 31
5 124
105 106
82 539
2 53
646 320
861 310
178 135
18 195
265 718
42 352
27 31
795 389
702 740
624 422
611 154
516 56
369 325
59 193
285 717
4 359
50 32
606 326
852 813
347 59
54 60
584 2
30 29
43 340
812 133
110 52
739 847
113 114
590 665
130 90
645 539
56 18
514 364
48 213
121 29
76 248
374 237
406 565
779 711
293 203
71 618
55 19
389 343
645 681
7 187
466 421
90 23
424 349
302 502
806 377
456 101
79 55
206 47
213 307
749 140
480 201
625 307
711 390
738 594
21 107
149 147
225 505
521 704
513 412
123 105
334 791
233 378
160 810
36 531
50 393
17 309
524 789
605 142
6 162
349 36
821 757
683 728
406 39
372 313
826 188
173 354
197 799
558 459
89 98
120 316
281 9
326 292
276 64
403 515
109 284
480 557
476 402
153 541
682 62
643 182
268 301
44 17
822 466
306 26
183 807
463 668
81 305
91 226
43 310
408 16
640 54
138 107
230 399
316 457
501 87
428 322
51 415
131 117
568 615
3 76
737 592
461 758
348 169
452 247
837 781
186 94
68 64
201 556
300 623
67 232
176 80
284 619
407 525
156 66
110 839
796 460
50 427
610 53
128 1
116 15
853 709
121 266
716 232
107 299
4 14
66 89
677 94
125 158
458 829
441 167
428 683
813 134
145 203
686 265
6 66
1 3
398 811
47 373
193 214
165 160
721 473
233 509
449 175
162 163
407 265
102 58
647 734
707 288
311 451
724 474
349 461
714 831
130 135
746 188
26 43
82 144
825 154
199 357
309 416
666 637
823 268
365 1
15 237
660 25
9 1
451 586
232 295
504 309
387 136
47 321
862 64
218 474
786 283
257 438
294 312
754 245
374 530
103 560
71 17
163 241
296 510
19 10
105 111
751 725
108 255
589 601
34 6
234 126
616 204
480 793
161 330
422 608
10 18
14 35
112 264
854 560
115 259
543 66
697 808
9 72
405 524
38 773
147 555
362 252
470 279
29 17
447 205
87 16
805 346
345 221
632 117
670 763
25 577
792 234
135 552
285 161
353 149
497 367
538 595
230 40
267 649
116 159
29 290
128 814
302 160
245 391
317 581
589 521
374 730
112 14
140 136
580 279
320 230
710 571
4 2
323 355
392 644
275 512
106 679
19 82
165 684
78 575
129 277
24 183
414 36
705 92
379 102
182 58
604 242
669 840
841 631
90 263
76 157
366 714
73 37
440 141
257 472
199 239
803 747
764 497
422 110
24 236
202 111
725 712
210 335
790 421
185 149
69 109
488 200
52 77
83 242
701 445
177 31
830 582
218 53
538 68
298 566
245 32
37 367
99 14
65 57
205 190
656 355
100 748
402 678
244 590
741 496
111 727
542 176
638 6
774 206
231 139
339 363
827 222
353 578
251 576
385 170
342 462
276 637
161 125
421 797
269 38
167 18
276 533
511 116
129 534
74 53
91 30
88 60
583 354
383 93
248 804
709 640
185 216
22 175
239 319
483 447
299 833
43 720
6 8
591 111
78 50
376 430
392 198
313 190
431 227
492 765
225 860
50 271
413 404
224 346
585 33
261 322
191 463
571 798
236 331
101 197
259 639
25 24
834 507
375 218
493 175
619 756
554 145
672 84
356 130
287 460
613 152
129 111
6 2
64 634
190 550
128 294
228 627
14 343
27 24
398 108
13 8
760 290
123 152
450 121
260 105
831 844
667 543
529 181
101 133
729 236
527 30
273 115
222 782
535 490
597 582
104 429
91 520
20 58
14 614
391 733
11 395
343 464
298 249
329 518
391 657
179 40
851 783
342 402
325 848
446 567
2 5
240 141
40 14
322 324
647 246
208 453
588 503
562 145
517 76
183 220
25 118
307 838
819 491
348 622
211 177
173 46
271 381
19 42
287 260
24 189
251 210
2 1
855 304
602 96
820 227
205 739
179 670
288 5
603 44
342 448
134 484
102 442
680 96
313 708
304 569
787 335
818 446
26 13
2 146
107 286
114 141
38 5
143 58
85 291
85 73
468 116
136 454
77 238
370 41
241 498
124 809
361 404
863 199
5 11
21 654
73 212
207 409
495 508
161 471
417 553
94 142
91 104
358 216
2 256
219 206
620 457
59 105
563 392
170 390
200 172
215 171
353 698
772 54
579 276
37 323
67 64
580 689
97 5
111 336
428 481
544 715
189 753
19 59
490 358
736 364
283 89
2 275
506 212
64 54
403 117
151 118
134 648
289 332
292 350
383 396
28 296
95 762
187 317
180 761
192 122
590 695
48 81
661 64
824 588
292 18
568 178
325 528
39 12
800 267
444 35
177 265
719 322
536 801
166 60
664 435
356 570
49 35
447 777
75 80
279 547
297 325
496 154
486 29
10 191
248 691
653 66
11 51
499 476
289 351
74 84
113 125
732 82
58 304
13 465
136 84
384 306
42 63
15 1
45 42
545 669
537 467
21 22
246 56
150 138
120 34
642 390
249 55
199 62
446 25
585 630
11 628
540 166
212 599
93 36
230 337
475 407
713 432
282 308
246 549
652 388
12 582
688 111
17 1
185 278
30 86
27 433
421 15
52 329
7 674
151 247
341 87
289 116
405 94
564 160
817 434
300 240
136 426
420 122
700 545
258 96
222 66
690 605
174 712
670 735
609 38
775 193
548 524
224 122
479 347
432 846
264 594
15 16
413 726
546 42
603 658
360 343
179 252
802 464
20 36
123 209
372 443
170 11
401 163
693 136
162 314
52 50
432 55
82 458
24 201
147 702
598 768
339 771
697 378
267 62
261 445
189 439
42 108
722 28
629 290
328 145
205 225
112 339
419 348
253 158
20 100
62 155
272 64
742 48
4 10
318 270
151 858
297 50
236 769
351 636
138 651
142 228
46 38
213 250
503 354
377 494
836 322
604 699
315 706
555 573
526 72
404 767
388 263
509 835
43 500
551 403
92 126
434 32
623 784
13 268
169 20
595 757
366 14
184 181
436 155
758 845
390 692
270 41
291 344
482 94
489 193
859 841
172 262
295 519
20 47
311 76
140 190
455 180
76 95
168 14
76 132
303 263
559 832
199 478
382 243
19 28
210 165
280 208
571 301
202 397
316 425
338 127
